received timestamp near: 23:10:50 DI 08.04.2014
===
252	252	252	0	252	252	252	0	252	252	252	128	252	252	252	252	128	252	128	252	252	252	0	252	254	252	128	0	128	128	128	252	128	252	252	252	254	128	252	254	0	254	254	128	252	252	252	252	128	252	252	128	0	128	252	252	252	128	128	252	254	254	0	252	252	254	0	254	252	252	128	252	252	252	252	128	252	0	254	254	254	128	254	0	252	0	128	128	252	252	252	252	252	254	0	254	128	254	252	128	252	252	128	128	252	254	252	128	252	252	252	0	128	252	254	252	128	128	252	252

Should date


date receivd - original
0	0	0	1	0	0	0	1	0	0	0	1	0	0	0	0	1	0	1	0	0	0	1	0	0	0	1	1	1	1	1	0	1	0	0	0	0	1	0	0	1	0	0	1	0	0	0	0	1	0	0	1	1	1	0	0	0	1	1	0	0	0	1	0	0	0	1	0	0	0	1	0	0	0	0	1	0	1	0	0	0	1	0	1	0	1	1	1	0	0	0	0	0	0	1	0	1	0	0	1	0	0	1	1	0	0	0	1	0	0	0	1	1	0	0	0	1	1	0	0

date receivd - modified
0	0	0	1	0	0	0	1	0	0	0	1	0	0	0	0	1	0	1	0	0	0	1	0	0	0	1	1	1	1	1	0	1	0	0	0	0	1	0	0	1	0	0	1	0	0	0	0	1	0	0	1	1	1	0	0	0	1	1	0	0	0	1	0	0	0	1	0	0	0	1	0	0	0	0	1	0	1	0	0	0|	1	0	1	0	1	1	1	0	0	0	0	0	0	1	0	1	0	0	1	0	0	1	1	0	0	0	1	0	0	0	1	1	0	0	0	1	1	0	0


found date:
0	1	0	0	0	1	1	1	1	1	0	1	0	0	0	0	1	0	0	1	0	0	1	0	0	0	0	1	0	0	1	1	1	0	0	0	1	1	0	0	0	1	0	0	0	1	0	0	0	1	0	0	0	0	1	0	1	0	0	0
[20-60]
1	0	0	0	0	1	0	0	1	1	1	0	0	0	1	1	0	0	0	1	0	0	0	1	0	0	0	1	0	0	0	0	1	0	1	0	0	0	1




receive 1...
===
0x00	  0
0x00	  0
0xF8	248
0xFE	254
0xFE	254
0x00	  0
0xFF	255
0xF8	248
0xF0	240
0xF0	240
0xC0	192
0xFE	254
0x00	  0
0x00	  0
0x00	  0
0xFE	254
0xF8	248
0xF0	240
0xFE	254
0xFE	254
0x00	  0
0xF0	240
0x00	  0
0x38	 56
0xC0	192
0x00	  0
0x00	  0
0x00	  0
0x00	  0
0xFF	255
0xF8	248
0x00	  0
0xF0	240
0xF8	248
0xC0	192
0xF0	240
0x00	  0
0xFF	255
0xF8	248
0xFE	254
0xFE	254
0xC0	192
0xF8	248
0xF0	240
0x00	  0
0xF0	240
0xF8	248
0x00	  0
0xF0	240
0x00	  0
0xFF	255
0xC0	192
0xF8	248
0x00	  0
0x00	  0
0xFE	254
0xFE	254
0x00	  0
0xFF	255
0xF8	248
0xF8	248
0x00	  0
0xFE	254
0xF0	240
0xF0	240
0x00	  0
0xFF	255
0xF0	240
0x00	  0
0xF8	248
0xF0	240
0x00	  0
0xFF	255
0x00	  0
0x00	  0
0xFF	255
0x00	  0
0xFF	255
0x00	  0
0x00	  0
0xFF	255
0xFE	254
0x00	  0
0x00	  0
0xF8	248
0xF0	240
0xC0	192
0xF0	240
0xFE	254
0x00	  0
0xFF	255
0xF0	240
0xF0	240
0x00	  0
0xF8	248
0xF0	240
0xFE	254
0xC0	192
0xF0	240
0xF8	248
0x00	  0
0xFE	254
0xFE	254
0xC0	192
0x08	  8
0xFC	252
0x00	  0
0xFF	255
0xF0	240
0xF0	240
0xFE	254
0x00	  0
0x00	  0
0xFF	255
0x00	  0
0xFF	255
0xFE	254
0xFE	254
0x00	  0
