while: 09:02-09:18 11.04.2014

Hex
128 252 252 252 128 252 252 252 0 252 128 252 128 252 252 128 252 252 252 252 128 254 128 252 252 252 128 252 252 252 254 128 128 128 252 254 254 128 128 252 252 128 252 252 128 254 252 128 252 252 128 252 252 254 252 128 128 252 252 0 252 254 254 128 254 252 252 128 252 128 252 128 252 252 0 252 252 252 254 128 252 128 252 252 252 0 252 128 128 254 252 252 252 252 128 128 128 0 252 252 254 252 254 128 252 252 128 128 254 128 252 252 254 252 254 128 252 254 128 252 252 252 128 252 254 252 128 252 128 252 128 252 252 128 254 254 252 252 128 254 128 252 252 252 0 252 128 0 128 128 254 252 128 252 252 128 252 128 252 128 252 252 128 252 254 128 254 128 128 252 252 254 252 254 128 252 254 128 252 254 252 128 252 252 252 128 252 128 252 0 252 252 0 252 252 252 254 128 252 128 252 252 252 0 252 252 128 128 252 252 252 252 252 252 252 128 128 252 128 254 252 0 252 252 128 128 128 128 252 252 252 252 128 128 252 252 128 254 252 252 128 254 254 252 128 254 128 252 128 252 252 128 252 252 252 252 128 252 128 252 252 254 128 252 252 252 252 254 128 252 252 252 128 252 252 128 128 252 252 252 128 252 254 128 252 252 252 128 252 252 254 128 128 252 240 0 252 252 254 128 252 252 252 128 252 128 252 128 252 252 128 254 254 252 254 128 254 128 252 252 252 128 252 252 128 128 254 128 0 128 252 252 128 128 254 252 254 254 252 128 252 254 128 128 254 252 128 252 252 252 252 128 252 252 128 254 254 254 128 252 252 252 128 252 128 252 128 252 252 128 252 252 252 254 0 252 128 252 252 252 128 252 252 252 252 252 252 0 128 252 252 128 128 252 254 128 254 254 128 254 252 128 252 252 254 252 0 252 252 0 0 252 252 0 254 252 252 128 252 252 252 0 252 128 252 128 252 254 128 252 252 252 252 128 252 128 252 252 252 128 252 252 252 128 128 128 252 128 128 252 252 128 128 252 128 252 252 128 252 252 128 128 252 252 252 128 252 252 252 0 254 252 0 252 252 252 128 252 252 252 128 254 128 252 128 252 252 128 252 252 252 252 128 252 128 252 252 252 128 252 252 128 252 254 128 128 128 128 128 128 252 128 252 252 254 254 128 252 252 128 252 128 252 254 0 252 252 252 128 254 252 128 252 252 252 128 252 252 254 128 252 128 252 128 252 252 128 252 252 252 252 128 252 128 252 252 252 128 252 252 128 252 252 128 128 128 254 252 254 128 128 128 128 252 254 128 254 252 128 128 128 254 252 128 254 252 128 128 252 254 128 252 252 252 128 252 254 252 128 252 128 254 128 252 252 128 252 252 252 254 128 252 128 252 252 252 128 252 128 128 128 254 254 252 252 128 128 128 128 128 252 0 252 252 128 252 252 128 252 252 128 252 128 254 252 252 128 252 252 128 252 252 254 128 252 252 252 128 252 128 252 128 252 252 128 252 252 254 252 128 252 128 252 252 252 128 252 128 252 252 252 252 128 254 128 128 128 128 0 252 128 254 252 128 252 252 128 128 252 128 252 128 252 252 128 128 252 252 0 252 252 252 0 252 252 252 128 252 128 252 128 252 252 128 252 252 252 252 128 252 128 254 252 254 128 252 252 252 0 0 128 128 128 252 252 252 254 252 128 252 252 252 128 252 252 128 252 128 128 252 128 252 252 128 128 254 252 128 252 252 252 128 252 252 252 128 252 128 252 128 252 252 128 254 252 252 252 128 252 0 252 252 254 128 252 254 252 128 254 128 252 128 128 252 128 128 252 252 254 252 252 128 252 252 128 128 128 128 252 128 254 252 252 0 252 252 128 252 252 252 128 252 254 252 128 252 128 252 128 252 252 128 252 252 252 252 128 252 128 252 252 252 128 252 128 128 128 0 128 128 0 252 128 252 128 128 128 252 252 252 128 252 254 128 252 252 252 128 128 252 254 252 128 252 252 128 252 252 252 128 252 252 252 128 252 128 254 128 252 252

Binary
1 0 0 0 1 0 0 0 1 0 1 0 1 0 0 1 0 0 0 0 1 0 1 0 0 0 1 0 0 0 0 1 1 1 0 0 0 1 1 0 0 1 0 0 1 0 0 1 0 0 1 0 0 0 0 1 1 0 0 1 0 0 0 1 0 0 0 1 0 1 0 1 0 0 1 0 0 0 0 1 0 1 0 0 0 1 0 1 1 0 0 0 0 0 1 1 1 1 0 0 0 0 0 1 0 0 1 1 0 1 0 0 0 0 0 1 0 0 1 0 0 0 1 0 0 0 1 0 1 0 1 0 0 1 0 0 0 0 1 0 1 0 0 0 1 0 1 1 1 1 0 0 1 0 0 1 0 1 0 1 0 0 1 0 0 1 0 1 1 0 0 0 0 0 1 0 0 1 0 0 0 1 0 0 0 1 0 1 0 1 0 0 1 0 0 0 0 1 0 1 0 0 0 1 0 0 1 1 0 0 0 0 0 0 0 1 1 0 1 0 0 1 0 0 1 1 1 1 0 0 0 0 1 1 0 0 1 0 0 0 1 0 0 0 1 0 1 0 1 0 0 1 0 0 0 0 1 0 1 0 0 0 1 0 0 0 0 0 1 0 0 0 1 0 0 1 1 0 0 0 1 0 0 1 0 0 0 1 0 0 0 1 1 0 0 1 0 0 0 1 0 0 0 1 0 1 0 1 0 0 1 0 0 0 0 1 0 1 0 0 0 1 0 0 1 1 0 1 1 1 0 0 1 1 0 0 0 0 0 1 0 0 1 1 0 0 1 0 0 0 0 1 0 0 1 0 0 0 1 0 0 0 1 0 1 0 1 0 0 1 0 0 0 0 1 0 1 0 0 0 1 0 0 0 0 0 0 1 1 0 0 1 1 0 0 1 0 0 1 0 0 1 0 0 0 0 1 0 0 1 1 0 0 1 0 0 0 1 0 0 0 1 0 1 0 1 0 0 1 0 0 0 0 1 0 1 0 0 0 1 0 0 0 1 1 1 0 1 1 0 0 1 1 0 1 0 0 1 0 0 1 1 0 0 0 1 0 0 0 1 0 0 1 0 0 0 1 0 0 0 1 0 1 0 1 0 0 1 0 0 0 0 1 0 1 0 0 0 1 0 0 1 0 0 1 1 1 1 1 1 0 1 0 0 0 0 1 0 0 1 0 1 0 0 1 0 0 0 1 0 0 1 0 0 0 1 0 0 0 1 0 1 0 1 0 0 1 0 0 0 0 1 0 1 0 0 0 1 0 0 1 0 0 1 1 1 0 0 0 1 1 1 1 0 0 1 0 0 1 1 1 0 0 1 0 0 1 1 0 0 1 0 0 0 1 0 0 0 1 0 1 0 1 0 0 1 0 0 0 0 1 0 1 0 0 0 1 0 1 1 1 0 0 0 0 1 1 1 1 1 0 1 0 0 1 0 0 1 0 0 1 0 1 0 0 0 1 0 0 1 0 0 0 1 0 0 0 1 0 1 0 1 0 0 1 0 0 0 0 1 0 1 0 0 0 1 0 1 0 0 0 0 1 0 1 1 1 1 1 0 1 0 0 1 0 0 1 1 0 1 0 1 0 0 1 1 0 0 1 0 0 0 1 0 0 0 1 0 1 0 1 0 0 1 0 0 0 0 1 0 1 0 0 0 1 0 0 0 1 1 1 1 1 0 0 0 0 0 1 0 0 0 1 0 0 1 0 1 1 0 1 0 0 1 1 0 0 1 0 0 0 1 0 0 0 1 0 1 0 1 0 0 1 0 0 0 0 1 0 1 0 0 0 1 0 0 0 1 0 1 0 1 1 0 1 1 0 0 0 0 0 1 0 0 1 1 1 1 0 1 0 0 0 1 0 0 1 0 0 0 1 0 0 0 1 0 1 0 1 0 0 1 0 0 0 0 1 0 1 0 0 0 1 0 1 1 1 1 1 1 1 0 1 0 1 1 1 0 0 0 1 0 0 1 0 0 0 1 1 0 0 0 1 0 0 1 0 0 0 1 0 0 0 1 0 1 0 1 0 0 1


1 0 0 1 0 0 0 0 1 1 0 0 1 0 0 0 1 0 0 0 1 0 1 0 1 0 0 1 0 0 0 0 1 0 1 0 0 0 1  - (length: 39)
data: 2014-04-11T09:04:00

1 1 1 1 0 0 0 0 1 1 0 0 1 0 0 0 1 0 0 0 1 0 1 0 1 0 0 1 0 0 0 0 1 0 1 0 0 0 1  - (length: 39)
data: 2014-04-11T09:07:00

1 0 0 0 0 1 0 1 0 0 0 1 0 0 1 0 0 1 1 1 0 0 0 1 1 1 1 0 0 1 0 0 1 1 1 0 0 1 0  - (length: 39)
data: 20102-13-14T24:50:0

1 0 1 0 0 1 0 0 0 0 1 0 1 0 0 0 1 0 1 0 0 0 0 1 0 1 1 1 1 1 0 1 0 0 1 0 0 1 1  - (length: 39)
data: 2092-25-05T10:12:00




michaelh:ControlledClock-Backend michael$ clear && make && ./dcf77.out

gcc -o dcf77.out dcf77_main.o dcf77_reader.o dcf77_decoder.o -lpthread -L. -lftd2xx
==	START dcf77_main	==
start dcf77_decoder
sizeof(temporaryData): 900

search a valid date:
****************
search a valid date:
*
search a valid date:
*
search a valid date:
*
search a valid date:
*
search a valid date:
****************
search a valid date:
*
search a valid date:
*********
search a valid date:
*
search a valid date:
***************************************
YEAH: found a valid date:
1 0 0 1 0 0 0 0 1 1 0 0 1 0 0 0 1 0 0 0 1 0 1 0 1 0 0 1 0 0 0 0 1 0 1 0 0 0 1  - (length: 39)
data: 2014-04-11T09:04:00

search a valid date:
*
search a valid date:
*********
search a valid date:
****************
search a valid date:
*
search a valid date:
*
search a valid date:
*
search a valid date:
****************
search a valid date:
*
search a valid date:
*
search a valid date:
***************************************
search a valid date:
*
search a valid date:
*
search a valid date:
****************
search a valid date:
*
search a valid date:
*
search a valid date:
****************
search a valid date:
*
search a valid date:
*
search a valid date:
*
search a valid date:
*
search a valid date:
*
search a valid date:
*
search a valid date:
*
search a valid date:
*********
search a valid date:
***************************************
YEAH: found a valid date:
1 1 1 1 0 0 0 0 1 1 0 0 1 0 0 0 1 0 0 0 1 0 1 0 1 0 0 1 0 0 0 0 1 0 1 0 0 0 1  - (length: 39)
data: 2014-04-11T09:07:00

search a valid date:
*
search a valid date:
*
search a valid date:
*
search a valid date:
*
search a valid date:
*
search a valid date:
*********
search a valid date:
*
search a valid date:
*
search a valid date:
*
search a valid date:
****************
search a valid date:
*
search a valid date:
*
search a valid date:
*
search a valid date:
*********
search a valid date:
*
search a valid date:
*
search a valid date:
****************
search a valid date:
*
search a valid date:
***************************************
search a valid date:
***************************************
search a valid date:
*
search a valid date:
*********
search a valid date:
*
search a valid date:
*
search a valid date:
*********
search a valid date:
*
search a valid date:
*
search a valid date:
***************************************
search a valid date:
*
search a valid date:
*
search a valid date:
****************
search a valid date:
*
search a valid date:
*
search a valid date:
***************************************
search a valid date:
*
search a valid date:
*
search a valid date:
****************
search a valid date:
*
search a valid date:
*
search a valid date:
***************************************
YEAH: found a valid date:
1 0 0 0 0 1 0 1 0 0 0 1 0 0 1 0 0 1 1 1 0 0 0 1 1 1 1 0 0 1 0 0 1 1 1 0 0 1 0  - (length: 39)
data: 20102-13-14T24:50:0

search a valid date:
*
search a valid date:
*********
search a valid date:
*
search a valid date:
*
search a valid date:
*
search a valid date:
*********
search a valid date:
*
search a valid date:
*
search a valid date:
*
search a valid date:
*********
search a valid date:
***************************************
search a valid date:
*
search a valid date:
***************************************
YEAH: found a valid date:
1 0 1 0 0 1 0 0 0 0 1 0 1 0 0 0 1 0 1 0 0 0 0 1 0 1 1 1 1 1 0 1 0 0 1 0 0 1 1  - (length: 39)
data: 2092-25-05T10:12:00

search a valid date:
*
search a valid date:
*********
search a valid date:
****************
search a valid date:
*
search a valid date:
*
search a valid date:
*
search a valid date:
*
search a valid date:
****************
search a valid date:
*
search a valid date:
*
search a valid date:
*
search a valid date:
*
search a valid date:
***************************************
search a valid date:
***************************************
search a valid date:
****************
search a valid date:
*
search a valid date:
*
search a valid date:
*
search a valid date:
*
search a valid date:
*********
search a valid date:
***************************************
search a valid date:
*
search a valid date:
******end dcf77_decoder
===	START dcf77_reader	===
Number of devices: 0.
===	END dcf77_reader	===
==	END dcf77_main		==
michaelh:ControlledClock-Backend michael$
